mom: 0.9531249799613819
alpha: 0.7216872276263672
eps: 0.02241164469571523
wd: 0.04258532691804346
f1: 0.9558047156613466
